name: F:\Computer Science\Git\pcava.github.io\env
channels:
  - conda-forge
  - anaconda-fusion
  - defaults
dependencies:
  - babel=2.14.0=pyhd8ed1ab_0
  - brotli-python=1.1.0=py312h53d5487_1
  - bzip2=1.0.8=h2466b09_7
  - ca-certificates=2024.7.4=h56e8100_0
  - certifi=2024.7.4=pyhd8ed1ab_0
  - cffi=1.16.0=py312he70551f_0
  - charset-normalizer=3.3.2=pyhd8ed1ab_0
  - click=8.1.7=win_pyh7428d3b_0
  - colorama=0.4.6=pyhd8ed1ab_0
  - ghp-import=2.1.0=pyhd8ed1ab_0
  - h2=4.1.0=pyhd8ed1ab_0
  - hpack=4.0.0=pyh9f0ad1d_0
  - hyperframe=6.0.1=pyhd8ed1ab_0
  - idna=3.7=pyhd8ed1ab_0
  - importlib-metadata=8.2.0=pyha770c72_0
  - jinja2=3.1.4=pyhd8ed1ab_0
  - libexpat=2.6.2=h63175ca_0
  - libffi=3.4.2=h8ffe710_5
  - libsqlite=3.46.0=h2466b09_0
  - libzlib=1.3.1=h2466b09_1
  - markdown=3.6=pyhd8ed1ab_0
  - markupsafe=2.1.5=py312he70551f_0
  - mergedeep=1.3.4=pyhd8ed1ab_0
  - mkdocs=1.6.0=pyhd8ed1ab_0
  - mkdocs-get-deps=0.2.0=pyhd8ed1ab_0
  - mkdocs-material=9.5.31=pyhd8ed1ab_0
  - mkdocs-material-extensions=1.3.1=pyhd8ed1ab_0
  - openssl=3.3.1=h2466b09_2
  - packaging=24.1=pyhd8ed1ab_0
  - paginate=0.5.6=pyhd8ed1ab_0
  - pathspec=0.12.1=pyhd8ed1ab_0
  - pip=24.2=pyhd8ed1ab_0
  - platformdirs=4.2.2=pyhd8ed1ab_0
  - pycparser=2.22=pyhd8ed1ab_0
  - pygments=2.18.0=pyhd8ed1ab_0
  - pymdown-extensions=10.9=pyhd8ed1ab_0
  - pysocks=1.7.1=pyh0701188_6
  - python=3.12.4=h889d299_0_cpython
  - python-dateutil=2.9.0=pyhd8ed1ab_0
  - python_abi=3.12=4_cp312
  - pytz=2024.1=pyhd8ed1ab_0
  - pyyaml=6.0.1=py312he70551f_1
  - pyyaml-env-tag=0.1=pyhd8ed1ab_0
  - regex=2024.7.24=py312h4389bb4_0
  - requests=2.32.3=pyhd8ed1ab_0
  - setuptools=72.1.0=pyhd8ed1ab_0
  - six=1.16.0=pyh6c4a22f_0
  - tk=8.6.13=h5226925_1
  - tzdata=2024a=h0c530f3_0
  - ucrt=10.0.22621.0=h57928b3_0
  - urllib3=2.2.2=pyhd8ed1ab_1
  - vc=14.3=h8a93ad2_20
  - vc14_runtime=14.40.33810=ha82c5b3_20
  - vs2015_runtime=14.40.33810=h3bf8584_20
  - watchdog=4.0.1=py312h2e8e312_0
  - wheel=0.44.0=pyhd8ed1ab_0
  - win_inet_pton=1.1.0=pyhd8ed1ab_6
  - xz=5.2.6=h8d14728_0
  - yaml=0.2.5=h8ffe710_2
  - zipp=3.19.2=pyhd8ed1ab_0
  - zstandard=0.23.0=py312h7606c53_0
  - zstd=1.5.6=h0ea2cb4_0
prefix: F:\Computer Science\Git\pcava.github.io\env
